0	0
8	35046.797
25	131841.42
41	255900.14
56	427231.91
87	954893.81
115	991014.94
143	1338136.4
144	1356247.8
146	1396706.1
168	1824433.1
176	1998473.3
201	2590973
202	2615119.5
207	2728199.5
220	3022525.2
229	3228558
230	3254316.5
237	3417692
252	3753495.7
268	4175251.8
297	4896719.5
298	4919946.5
299	4944715.5
316	5376181.5
326	5632676.5
329	5709031.5
341	5972097
345	5972097
360	6304800
390	7192242
414	7776006
421	7944012.5
424	8011732
439	8392203
441	8443777
452	8741327
475	9374014
480	9493347
484	9589240
502	10044022
505	10121204
507	10173679
511	10278006
541	11132705
544	11217937
545	11245560
557	11557264
560	11633510
561	11659922
572	11942677
593	12456298
602	12666263
616	12977316
633	13421372
637	13526152
662	14188755
664	14244389
666	14295853
684	14778197
685	14806720
694	14988099
696	15047446
697	15075685
706	15317527
709	15399237
725	15735951
733	15735951
734	15741938
737	15811795
755	16242407
786	17203994
817	18066490
846	18912390
847	18944646
848	18976858
877	19788828
907	20384622
932	21145434
938	21324058
946	21561028
967	22242132
968	22270346
999	23280450
1000	23314132
1001	23337796
1018	23884846
1024	24026568
1025	24049422
1030	24206394
1038	24499620
1039	24530134
1050	24907288
1051	24929004
1060	25214540
1091	26347556
1121	27412750
1152	28466746
1183	29447244
1211	30382754
1242	31436946
1272	32474010
1302	33453378
1303	33487642
1308	33659576
1309	33682664
1320	34022740
1321	34049700
1333	34409312
1334	34428664
1335	34447504
1347	34776936
1348	34808160
1362	35200808
1364	35263248
1373	35516076
1379	35684096
1395	36115624
1404	36377232
1425	36736032
1456	37788800
1486	38706960
1514	39582716
1517	39676668
1548	40473968
1559	40781848
1560	40805600
1576	41233344
1607	41978300
1637	42793288
1668	43629620
1698	44310660
1705	44465500
1708	44535376
1712	44627676
1729	45041332
1742	45327004
1760	45781804
1761	45808000
1774	46121032
1790	46464092
1796	46579312
1803	46697232
1821	47054612
1836	47302524
1851	47610916
1874	48063488
1882	48228812
1883	48252468
1893	48498932
1901	48691264
1913	48929588
1926	49196060
1941	49459524
1946	49562220
1947	49582784
1972	50222100
2002	50780596
2033	51451832
2035	51492496
2063	52039464
2072	52193916
2094	52623156
2103	52796592
2105	52836760
2125	53210360
2126	53229324
2134	53382816
2136	53421360
2137	53440308
2140	53491796
2155	53740248
2177	54200904
2186	54394488
2203	54737528
2216	55003980
2223	55142108
2224	55160228
2233	55313784
2247	55585896
2265	55928532
2266	55944032
2278	56170824
2307	56673620
2338	57193476
2368	57662248
2399	58127620
2429	58577204
2431	58609264
2453	58943924
2460	59065516
2474	59283472
2475	59299528
2491	59386316
2510	59529076
2521	59721844
2552	60234724
2582	60610364
2613	60960596
2624	61089400
2638	61236360
2644	61304720
2672	61618248
2694	61887296
2695	61899232
2703	61992212
2726	62245512
2733	62322120
2764	62698204
2765	62709816
2789	62988980
2794	63042000
2803	63142404
2809	63203732
2822	63321120
2825	63347100
2827	63364504
2828	63373676
2856	63642060
2869	63765400
2886	63921724
2917	64206312
2947	64417536
2948	64425588
2976	64614736
2978	64625312
2995	64720200
3009	64862084
3032	65163988
3037	65224208
3068	65714864
3092	66100152
3098	66192556
3129	66649088
3159	67053396
3190	67442760
3204	67612376
3205	67625240
3221	67818736
3234	67965008
3251	68139296
3260	68221728
3265	68267512
3282	68409120
3290	68468584
3292	68484896
3298	68533648
3312	68641072
3322	68944088
3332	69217392
3342	69442352
3352	69647480
3362	69840712
3372	70025144
3382	70202728
3392	70374760
3402	70542144
3412	70705576
3422	70865624
3432	71022784
3442	71177440
3452	71329896
3462	71480424
3472	71629248
3482	71776560
3492	71922432
3502	72066944
3512	72210144
3522	72352104
3532	72492880
3542	72632520
3552	72771064
3562	72908552
3572	73045024
3582	73180504
3592	73315016
3602	73448600
3612	73581272
3622	73713056
3632	73843960
3642	73974008
3652	74097552
3662	74211360
3672	74317256
3682	74416520
3692	74510040
3702	74598544
3712	74682648
3722	74762888
3732	74839712
3742	74913504
3752	74984608
3762	75053304
3772	75119816
3782	75184344
3792	75247064
3802	75308064
3812	75367440
3822	75425320
3832	75481792
3842	75536928
3852	75590800
3862	75643488
3872	75695040
3882	75745528
3892	75794992
3902	75843480
3912	75891048
3922	75937736
3932	75983576
3942	76028600
3952	76072848
3962	76116360
3972	76159168
3982	76201296
3992	76242784
4002	76283648
4012	76323928
4022	76363640
4032	76402816
4042	76441480
4052	76479648
4062	76517328
4072	76554552
4082	76591336
4092	76627696
4102	76663640
4112	76699184
4122	76734344
4132	76769128
4142	76803552
4152	76837632
4162	76871376
4172	76904792
4182	76937896
4192	76970696
4202	77003200
4212	77035416
4222	77067352
4232	77099016
4242	77130424
4252	77161576
4262	77192480
4272	77223144
4282	77253576
4292	77283784
4302	77313776
4312	77343560
4322	77373136
4332	77402512
4342	77431696
4352	77460696
4362	77489512
4372	77518152
4382	77546616
4392	77574920
4402	77603056
4412	77631032
4422	77658848
4432	77686512
4442	77714024
4452	77741384
4462	77768600
4472	77795664
4482	77822592
4492	77849368
4502	77876016
4512	77902520
4522	77928888
4532	77955120
4542	77981224
4552	78007200
4562	78033032
4572	78058752
4582	78084344
4592	78109800
4602	78135144
4612	78160360
4622	78185464
4632	78210456
4642	78235336
4652	78260112
4662	78284808
4672	78309344
4682	78333800
4692	78358120
4702	78382520
4712	78406576
4722	78430576
4732	78454480
4742	78478272
4752	78501992
4762	78525608
4772	78549160
4782	78572584
4792	78595912
4802	78619152
4812	78642304
4822	78665360
4832	78688336
4842	78711224
4852	78734024
4862	78756744
4872	78779376
4882	78801936
4892	78824408
4902	78846800
4912	78869120
4922	78891360
4932	78913520
4942	78935608
4952	78957624
4962	78979560
4972	79001424
4982	79023216
4992	79044936
5002	79066584
5012	79088152
5022	79109656
5032	79131080
5042	79152536
5052	79173800
5062	79195024
5072	79216176
5082	79237264
5092	79258304
5102	79279256
5112	79300136
5122	79320952
5132	79341712
5142	79362400
5152	79383040
5162	79403608
5172	79424112
5182	79444544
5192	79464920
5202	79485232
5212	79505480
5222	79525664
5232	79545784
5242	79565848
5252	79585840
5262	79605792
5272	79624840
5282	79643832
5292	79662784
5302	79681712
5312	79700376
5322	79718832
5332	79737288
5342	79755752
5352	79774224
5362	79792696
5372	79811168
5382	79829648
5392	79848128
5402	79866608
5412	79885088
5422	79903576
5432	79922056
5442	79940536
5452	79959112
5462	79977488
5472	79995856
5482	80014328
5492	80032760
5502	80051112
5512	80069480
